260973863
260978023
260984714
260886217
260806253
260989134
260969653
260768017
260986945
260918254
260928498
260983354
260839746
260907422
260896999
260925544
260987082
260921018
260983671
260986580
260921696
260985520
260957082
260950948
260906761
260845159
260973857
260977999
260713912
260953238
260898215
260855840
260945908
260990467
260984539
260884150
260980149
260841087
260979140
260863694
260825093
260787400
260982749
260895228
260928023
260896536
260924764
260923659
260928404
260989688
260923365
260917655
260927209
260781415
260973220
260987793
260985990 
260921825
260986379
260791983
260446005
260863399
260989125
260911125
260803511
260899124
260887777
260913858
260987785
260984301
260432986
260886087
260433101
260852484
260971601
260948489
260953256
260985465
260893550
260989639
260978164
260850970
260928668
260913912
260377037
260866779
260989158
260832041
260929993
260924680
260899297
260902616
260847568
260851928
260982554
260909876
260865725
260904777
260955629
260927477
260952432
260941696
260911112
260901444
260773654
260982747
260987866
260911138
260967924
260915771
260844615
260946029
260986559
260956214
260950824
260859053
260925795
260985168
260977909
260906331
260983776
260924727
260977696
260636214
260986407
260917329
260988348
260987690
260900435
260968239
260983963
260831379
260832480
260991242
260715730
260773791
260989353
260714346
260949049
260930067
260923855
260988563
260985522
260987504
260989421
260924954
260924716
260943621
260775500
260907074
260912069
260774160
260724904
260973174
260846952
260931060
260889364
260850682
260976341
260988256
260989543
260852407
260988235
260930902
260931223
260969392
260897560
260918262
260927440
260845463
260871256
260926884
260990788
260975015
260988349
260898597
260895526
260853502
260896124
260914383
260981861
260947011
260834902
260967138
260986087
260860161
260854962
260903962